%YAML:1.0
---
K: !!opencv-matrix
   rows: 3
   cols: 3
   dt: d
   data: [ 6.2677352499994026e+02, 0., 6.5494713284409534e+02, 0.,
       6.2668615795929406e+02, 4.6455680524012865e+02, 0., 0., 1. ]
D: !!opencv-matrix
   rows: 1
   cols: 5
   dt: d
   data: [ -1.5358426423755903e-01, 3.0004814622083105e-02,
       1.0641628029147083e-02, 1.2185624450427176e-03,
       1.5503070474083265e-02 ]
